Chi-squared test statistic:
Chi2ContingencyResult(statistic=1736.8303212388387, pvalue=0.0, dof=36, expected_freq=array([[4.77759846e+01, 1.48177072e+01, 1.24063082e+01],
       [3.37043646e+03, 1.04533985e+03, 8.75223690e+02],
       [7.15684249e+03, 2.21969254e+03, 1.85846497e+03],
       [4.56738413e+03, 1.41657281e+03, 1.18604307e+03],
       [7.45305359e+01, 2.31156232e+01, 1.93538408e+01],
       [3.14111173e+03, 9.74214856e+02, 8.15673411e+02],
       [6.94344309e+01, 2.15350678e+01, 1.80305013e+01],
       [8.66337854e+01, 2.68694424e+01, 2.24967722e+01],
       [1.34409770e+02, 4.16871496e+01, 3.49030805e+01],
       [3.28189163e+03, 1.01787770e+03, 8.52230666e+02],
       [4.99418292e+02, 1.54894433e+02, 1.29687275e+02],
       [9.49149560e+01, 2.94378450e+01, 2.46471990e+01],
       [1.23664633e+05, 3.83545485e+04, 3.21128190e+04],
       [2.01933161e+02, 6.26295091e+01, 5.24373294e+01],
       [5.03240371e+01, 1.56079849e+01, 1.30679780e+01],
       [2.55442264e+02, 7.92253412e+01, 6.63323946e+01],
       [1.09566258e+02, 3.39819419e+01, 2.84518002e+01],
       [6.81604047e+01, 2.11399289e+01, 1.76996664e+01],
       [1.54157177e+02, 4.78118019e+01, 4.00310212e+01]]))